# list of object assets to load in this scene
[ASSETS]
assets\mario.txt
assets\brick.txt
assets\goomba.txt
assets\land.txt
assets\rectangle.txt
assets\pipe.txt
assets\koopa.txt
assets\coin.txt
assets\questionbrick.txt
assets\mushroom.txt
assets\spawn.txt
assets\landscape.txt
assets\trap.txt

#adjust mushroom state
# small mario absorb leaf
[OBJECTS]
# type	x	y	extra_settings per object type
# type: 0 = Mario , 1 = Brick, 2 = Goomba, 8 = WingGoomba, 3 = Koopas, 9 = DCoin, 10 = QuestionBrick, 11=mushroom
# 13= D1Coin    14 = red koopa


16	1279	298	2558	735	124001
#platform
5	7	114	16	15	10	124000	124000	124000
7	167	98	16	15	124000
7	183	82	16	15	124000
7	199	66	16	15	124000
7	199	50	16	15	124000
7	199	34	16	15	124000
5	215	18	16	15	68	124000	124000	124000

5	7	178	16	15	17	124000	124000	124000
5	199	162	16	15	5	124000	124000	124000
5	215	146	16	15	4	124000	124000	124000
5	231	130	16	15	3	124000	124000	124000
5	327	114	16	15	4	124000	124000	124000
5	423	178	16	15	4	124000	124000	124000
5	455	162	16	15	2	124000	124000	124000
7	471	146	16	15	124000
7	471	130	16	15	124000
5	535	162	16	15	5	124000	124000	124000
5	679	162	16	15	5	124000	124000	124000
5	679	146	16	15	4	124000	124000	124000
5	679	130	16	15	3	124000	124000	124000
5	679	178	16	15	25	124000	124000	124000
5	759	114	16	15	16	124000	124000	124000
5	1047	162	16	15	16	124000	124000	124000
5	1063	146	16	15	13	124000	124000	124000
5	1079	130	16	15	11	124000	124000	124000
5	903	114	16	15	1	124002	124002	124002
5	1143	130	16	15	1	124002	124002	124002
7	999	98	16	15	124000
7	999	82	16	15	124000
7	999	66	16	15	124000
7	999	50	16	15	124000
7	999	34	16	15	124000
7	759	98	16	15	124000
7	759	82	16	15	124000
7	759	66	16	15	124000
7	759	50	16	15	124000
7	759	34	16	15	124000
5	1367	162	16	15	2	124000	124000	124000
5	1447	146	16	15	3	124000	124000	124000
5	1463	146	16	15	1	124002	124002	124002
5	1543	162	16	15	1	124000	124000	124000
5	1543	178	16	15	63	124000	124000	124000
7	1783	162	16	15	124000
7	1783	146	16	15	124000
7	1783	130	16	15	124000
7	1783	114	16	15	124000
5	1719	98	16	15	37	124000	124000	124000
5	1671	82	16	15	3	124000	124000	124000
5	1639	66	16	15	2	124000	124000	124000
7	1943	162	16	15	124000
7	1943	146	16	15	124000
7	1943	130	16	15	124000
7	1943	114	16	15	124000

7	2295	82	16	15	124000
7	2295	66	16	15	124000
7	2295	50	16	15	124000
7	2295	34	16	15	124000
5	2295	18	16	15	17	124000	124000	124000
7	2551	82	16	15	124000
7	2551	66	16	15	124000
7	2551	50	16	15	124000
7	2551	34	16	15	124000
7	2551	98	16	15	124000
7	2551	114	16	15	124000
7	2551	130	16	15	124000
7	2551	146	16	15	124000
7	2551	162	16	15	124000

5	1159	642	16	15	14	124003	124003	124003
7	1159	626	16	15	124003
7	1159	610	16	15	124003
7	1159	594	16	15	124003
7	1159	578	16	15	124003
7	1159	562	16	15	124003
7	1159	546	16	15	124003
7	1159	530	16	15	124003
7	1159	514	16	15	124003
5	1431	642	16	15	2	124003	124003	124003
5	1527	642	16	15	8	124003	124003	124003
7	1655	626	16	15	124003
7	1655	610	16	15	124003
7	1655	594	16	15	124003
7	1655	578	16	15	124003
7	1655	562	16	15	124003
7	1655	546	16	15	124003
7	1655	530	16	15	124003
7	1655	514	16	15	124003

##door
16	1751	147	15	15	133333
16	1751	163	15	15	133233

16	1639	610	15	15	133333
16	1639	625	15	15	133233

####Fire ball 
19	295	55
20	391	55
19	503	55
20	631	55
19	1303	55
20	1335	87
19	1511	55

11	583	100
10	583	100
11	1575	120
10	1575	120

# MARIO
0	1600	120
