# list of object assets to load in this scene
[ASSETS]
assets\mario.txt
assets\brick.txt
assets\goomba.txt
assets\land.txt
assets\rectangle.txt
assets\pipe.txt
assets\koopa.txt
assets\coin.txt
assets\questionbrick.txt
assets\mushroom.txt
assets\spawn.txt
assets\landscape.txt
# sprite for mario
# fix redkoopas
# up mushroom, leaf
# bug:  sitting Mario big  is hitted by an enemy.
[OBJECTS]
# type	x	y	extra_settings per object type
# type: 0 = Mario , 1 = Brick, 2 = Goomba, 8 = WingGoomba, 3 = Koopas, 9 = DCoin, 10 = QuestionBrick, 11=mushroom
# 13= D1Coin    14 = red koopa
# See OBJECT_TYPE constants in AssetIDs.h   x    y    width   height
#hight = y+height/2 = 186,5


#RECTANGLE
6	250	147	47	79	71000
6	250	147	47	79	71000
6	230	163	47	47	70000

6	542	131	63	111	74000
6	497	147	63	79	73000
6	551	171	95	31	75000
6	440	163	79	47	72000


6	1478	139	111	95	78000
6	1445	155	111	63	77000
6	1415	171	111	31	76000

6	2320	115	47	143	71002
6	2288	163	47	47	71001

#Pawn
12	350	20	2	280	170	2	630	170	8	560	170	14	550	90
12	715	20	2	870	150	2	920	150	8	1000	150
12	1170	20	3	1415	70	3	1455	70	3	1495	70	14	1510	70

#PIPE # LANSCAPE = 16
7	330	163	31	47	80000

7	1625	110	16	16	25000
7	1641	110	16	16	25000

7	1708	179	16	16	25000
7	1724	179	16	16	25000
7	1740	179	16	16	25000
7	1724	163	16	16	25000
7	1740	163	16	16	25000
7	1740	147	16	16	25000

7	1788	179	16	16	25000
7	1788	163	16	16	25000
7	1788	147	16	16	25000
7	1804	179	16	16	25000
7	1804	163	16	16	25000
7	1820	179	16	16	25000

7	1916	179	31	47	80000
7	1980	163	31	47	80000

7	2384	163	31	47	80000
7	2448	179	31	47	80000
7	2376	147	16	16	25000
7	2391	147	16	16	25000
#pipepipe
7	2384	-185	31	47	80000
7	2384	-154	31	31	80001
7	2384	-123	31	31	80001
7	2384	-92	31	31	80001
7	2384	-61	31	31	80001
7	2384	-30	31	31	80001
7	2384	1	31	31	80001
7	2384	32	31	31	80001
7	2384	63	31	31	80001
7	2377	80	16	16	25000
7	2392	80	16	16	25000


16	40	163	79	47	120001
16	900	163	62	47	120002
16	1000	123	96	127	120003
16	850	100	47	22	120032
16	100	70	31	22	120031

#14	340	120
#DCOIN
9	130	120

#CCOIN
4	220	100
4	1110	100
4	1150	90
4	1190	70
4	1230	50
4	1270	30

#BRICK
1	130	120

15	2080	179
15	2096	179
15	2112	179
15	2128	179
15	2144	179
15	2160	179
15	2176	179
15	2096	163
15	2112	163
15	2128	163
15	2144	163
15	2160	163
15	2112	147
15	2128	147
15	2144	147
17	2160	147

15	2224	179
15	2240	179
15	2224	163

#Mushroom
11	180	120

#QuestionBrick
10	180	120

15	77	120
15	111	120

13	95	120
10	95	120

13	155	50
10	155	50

11	650	170
10	650	170

13	700	135
10	700	135

13	720	107
10	720	107

11	1585	140
10	1585	140
#Goomba
2	250	170

#Koopa
14	2224	133
14	1900	133
#Platform
5	0	195	30	15	37	60000	60000	60000
5	1090	195	30	15	1	60000	60000	60000
5	640	185	30	15	16	60000	60000	60000

5	1180	195	30	15	15	60000	60000	60000

5	1672	195	30	15	3	60000	60000	60000

5	1796	195	30	15	19	60000	60000	60000

5	2384	195	30	15	20	60000	60000	60000

#Above
6	1475	-130	63	31	79001
4	1485	-200
4	1500	-200
4	1515	-200

7	1530	-100	15	15	81000
7	1545	-100	15	15	81000
7	1560	-100	15	15	81000
13	1545	-170
10	1545	-170

7	1590	-115	15	15	81000
7	1605	-115	15	15	81000
7	1620	-115	15	15	81000
7	1635	-115	15	15	81000
7	1650	-115	15	15	81000
7	1665	-115	15	15	81000
7	1680	-115	15	15	81000
7	1695	-115	15	15	81000
7	1710	-115	15	15	81000
7	1725	-115	15	15	81000
7	1740	-115	15	15	81000
7	1755	-115	15	15	81000
7	1770	-115	15	15	81000

4	1575	-185
4	1590	-185

4	1635	-170
4	1650	-170
4	1665	-170
4	1680	-170

4	1710	-185
4	1725	-185
4	1740	-185
4	1755	-185

4	1795	-155
4	1825	-185
4	1855	-155
4	1885	-185
4	1915	-155
4	1945	-185
4	1975	-155
4	2005	-185
4	2100	-155
4	2130	-185
4	2200	-155
4	2230	-185
4	2300	-155
4	2330	-185

# MARIO
0	1475	10
