# id	left	top	right	bottom	texture_id
[SPRITES]
#bush
120001	51	96	130	143	30
120002	59	36	121	83	30
120003	559	20	654	147	30
120021	427	153	204	216	30
120022	366	227	508	353	30
120023	526	201	589	216	30

120010	55	7	70	22	30

#cloud
120031	75	2	122	24	30
120032	130	1	161	23	30


#power bar
120041	1	0	14	6	70
120042	1	9	14	15	70

#reward
123001	318	189	333	204	20
123002	336	189	351	204	20
123003	354	189	369	204	20

#castle
124000	0	0	15	15	80
124003	1024	704	1039	719	80
124001	0	159	2559	896	80

124002	896	336	911	351	80

# ani_id	sprite1_id	time1	sprite2_id	time2	...
[ANIMATIONS]
120121	120041	100
120122	120042	9000
120120	120041	100	120042	100
123000	123001	100	123002	100	123003	100