# id	left	top	right	bottom	texture_id
[SPRITES]
#fireball
131001	337	246	352	263	40
131002	356	246	371	263	40
131003	375	246	390	263	40

#deathball
132001	402	214	419	231	40
132002	558	314	575	331	30

#Thorn
133001	1168	512	1183	737	80

#door
133333	282	99	297	114	20
133233	282	117	297	132	20

#Lava
134001	384	417	399	432	80

#bone koopa
150001	395	250	420	261	40
150002	423	245	446	260	40
150003	451	235	466	260	40

150004	151	250	176	261	90
150005	124	245	147	260	90
150006	104	235	119	260	90

#Boss walk
140001	145	232	172	257	40
140002	183	233	210	258	40

140003	252	225	283	246	40
140004	266	189	289	210	40
140005	213	192	228	217	40
140006	236	192	261	217	40
140007	219	230	247	245	40

# ani_id	sprite1_id	time1	sprite2_id	time2	...
[ANIMATIONS]
131011	131001	9000
131012	131002	100	131003	100

134101	134001	9000

141001	140001	100	140002	100
141002	140004	100
141003	140006	100
141004	140007	100
141005	140003	100

151001	150003	9000
151002	150006	9000
151003	150002	500	150001	3500
151004	150005	500	150004	3500